[[[202 163  86]
  [203 164  87]
  [204 165  88]
  ..., 
  [240 202 121]
  [239 201 120]
  [238 200 119]]

 [[202 163  86]
  [203 164  87]
  [204 165  88]
  ..., 
  [240 202 121]
  [239 201 120]
  [238 200 119]]

 [[202 163  86]
  [203 164  87]
  [204 165  88]
  ..., 
  [240 202 121]
  [239 201 120]
  [238 200 119]]

 ..., 
 [[152 121  54]
  [152 121  54]
  [153 122  55]
  ..., 
  [  2   3   0]
  [  2   3   0]
  [  2   3   0]]

 [[151 120  53]
  [151 120  53]
  [152 121  54]
  ..., 
  [  1   2   0]
  [  1   2   0]
  [  1   2   0]]

 [[150 119  52]
  [150 119  52]
  [151 120  53]
  ..., 
  [  1   2   0]
  [  1   2   0]
  [  1   2   0]]]